batch index,accuracy in batch
2,50.08544921875
3,49.951171875
4,49.86572265625
5,50.225830078125
6,49.566650390625
7,50.592041015625
8,49.884033203125
9,49.54833984375
10,50.042724609375
11,49.957275390625
12,50.286865234375
13,49.664306640625
14,50.152587890625
15,50.08544921875
16,50.152587890625
17,49.847412109375
18,50.3173828125
19,50.0
20,50.13427734375
21,49.322509765625
22,50.1953125
23,50.543212890625
24,50.0
25,50.421142578125
26,49.21875
27,50.1708984375
28,49.6826171875
29,49.481201171875
30,50.09765625
31,50.482177734375
32,50.10986328125
33,49.859619140625
34,50.274658203125
35,49.359130859375
36,49.560546875
37,49.81689453125
38,50.091552734375
39,49.993896484375
40,50.128173828125
41,50.152587890625
42,49.896240234375
43,49.9755859375
44,49.774169921875
45,49.798583984375
46,49.8779296875
47,50.2685546875
48,48.968505859375
49,49.761962890625
50,50.445556640625
51,50.152587890625
52,50.225830078125
53,49.91455078125
54,50.341796875
55,49.6826171875
56,49.89013671875
57,49.54833984375
58,49.93896484375
59,50.323486328125
60,49.96337890625
61,50.23193359375
62,50.347900390625
63,50.1953125
64,49.37744140625
65,49.566650390625
66,50.274658203125
67,50.439453125
68,50.390625
69,48.919677734375
70,49.798583984375
71,49.951171875
72,50.20751953125
73,49.822998046875
74,49.957275390625
75,49.761962890625
76,49.7802734375
77,50.47607421875
78,49.749755859375
79,50.08544921875
80,49.76806640625
81,49.798583984375
82,49.755859375
83,50.10986328125
84,50.01220703125
85,49.993896484375
86,49.49951171875
87,50.433349609375
88,50.006103515625
89,49.737548828125
90,50.30517578125
91,50.28076171875
92,50.2685546875
93,50.079345703125
94,50.4638671875
95,50.299072265625
96,49.822998046875
97,50.750732421875
98,50.30517578125
99,50.262451171875
100,50.018310546875
101,49.603271484375
102,49.71923828125
103,49.847412109375
104,50.3662109375
105,50.164794921875
106,50.494384765625
107,50.3662109375
108,49.578857421875
109,50.341796875
110,49.237060546875
111,50.3662109375
112,49.810791015625
113,50.543212890625
114,49.8779296875
115,50.091552734375
116,50.225830078125
117,49.8046875
118,49.981689453125
119,49.74365234375
120,50.62255859375
121,49.951171875
122,50.799560546875
123,49.822998046875
124,50.079345703125
125,50.665283203125
126,50.2685546875
127,50.1953125
128,49.932861328125
129,50.5126953125
130,50.006103515625
131,49.884033203125
132,49.4140625
133,50.518798828125
134,49.560546875
135,50.018310546875
136,50.225830078125
137,50.2685546875
138,50.286865234375
139,50.0732421875
140,49.89013671875
141,50.1708984375
142,49.859619140625
143,50.06103515625
144,49.957275390625
145,49.6826171875
146,49.591064453125
147,49.89013671875
148,50.2685546875
149,49.285888671875
150,49.786376953125
151,50.01220703125
152,49.713134765625
153,49.981689453125
154,49.7802734375
155,49.9755859375
156,49.6337890625
157,50.03662109375
158,49.432373046875
159,49.5849609375
160,50.579833984375
161,50.29296875
162,49.9267578125
163,49.530029296875
164,50.59814453125
165,50.67138671875
166,49.52392578125
167,50.067138671875
168,49.365234375
169,50.390625
170,50.311279296875
171,50.360107421875
172,49.761962890625
173,49.639892578125
174,50.115966796875
175,50.079345703125
176,49.993896484375
177,49.6826171875
178,50.15869140625
179,49.9755859375
180,50.2197265625
181,50.164794921875
182,50.714111328125
183,50.518798828125
184,49.603271484375
185,49.84130859375
186,49.945068359375
187,50.274658203125
188,49.70703125
189,49.70703125
190,50.457763671875
191,50.347900390625
192,49.81689453125
193,50.5615234375
194,49.676513671875
195,49.5361328125
196,49.725341796875
197,49.79248046875
198,49.86572265625
199,49.51171875
200,49.530029296875
201,50.37841796875
202,49.8291015625
203,49.652099609375
204,50.01220703125
205,49.420166015625
206,49.139404296875
207,50.360107421875
208,49.908447265625
209,50.360107421875
210,49.7314453125
211,49.84130859375
212,50.531005859375
213,50.09765625
214,50.177001953125
215,49.456787109375
216,50.140380859375
217,49.993896484375
218,49.23095703125
219,49.859619140625
220,50.384521484375
221,49.749755859375
222,50.439453125
223,49.853515625
224,50.03662109375
225,50.13427734375
226,49.810791015625
227,49.71923828125
228,49.822998046875
229,49.713134765625
230,50.238037109375
231,49.560546875
232,50.091552734375
233,49.609375
234,50.732421875
235,49.98779296875
236,50.054931640625
237,50.0732421875
238,49.871826171875
239,50.030517578125
240,49.859619140625
241,50.689697265625
242,49.90234375
243,50.48828125
244,49.945068359375
245,49.609375
246,49.700927734375
247,49.8291015625
248,49.7314453125
249,49.884033203125
250,50.0
251,49.25537109375
252,49.481201171875
253,50.421142578125
254,49.5361328125
255,49.896240234375
256,50.1708984375
257,50.433349609375
258,50.20751953125
259,50.384521484375
260,49.98779296875
261,49.932861328125
262,50.482177734375
263,49.969482421875
264,50.0
265,49.591064453125
266,50.384521484375
267,50.543212890625
268,49.932861328125
269,50.64697265625
270,50.30517578125
271,49.505615234375
272,49.98779296875
273,50.628662109375
274,50.152587890625
275,50.616455078125
276,50.836181640625
277,50.482177734375
278,50.274658203125
279,49.761962890625
280,50.042724609375
281,49.755859375
282,49.810791015625
283,49.81689453125
284,49.42626953125
285,50.384521484375
286,49.49951171875
287,50.128173828125
288,50.62255859375
289,50.0
290,49.322509765625
291,50.20751953125
292,50.262451171875
293,49.90234375
294,50.5126953125
295,50.67138671875
296,49.853515625
297,50.20751953125
298,49.6826171875
299,50.72021484375
300,49.884033203125
301,50.250244140625
302,50.018310546875
303,50.518798828125
304,50.20751953125
305,49.9755859375
306,49.993896484375
307,49.676513671875
308,50.341796875
309,50.13427734375
310,49.91455078125
311,50.067138671875
312,49.810791015625
313,49.96337890625
