batch index,accuracy in batch
2,50.140380859375
3,49.981689453125
4,49.749755859375
5,49.993896484375
6,50.28076171875
7,49.578857421875
8,49.755859375
9,50.372314453125
10,51.0009765625
11,49.737548828125
12,49.5361328125
13,49.713134765625
14,49.713134765625
15,50.115966796875
16,49.560546875
17,49.7802734375
18,49.481201171875
19,49.420166015625
20,50.604248046875
21,49.505615234375
22,49.920654296875
23,49.951171875
24,49.407958984375
25,49.79248046875
26,50.311279296875
27,49.71923828125
28,49.93896484375
29,50.201416015625
30,50.238037109375
31,50.115966796875
32,50.177001953125
