batch index,accuracy in batch
2,50.3173828125
3,49.8291015625
4,50.482177734375
5,49.20654296875
6,50.018310546875
7,49.70703125
8,49.969482421875
9,49.93896484375
10,49.70703125
11,50.537109375
12,49.908447265625
13,49.615478515625
14,50.30517578125
15,49.993896484375
16,49.432373046875
17,50.47607421875
18,49.89013671875
19,50.01220703125
20,49.835205078125
21,50.28076171875
22,49.920654296875
23,49.951171875
24,50.836181640625
25,50.62255859375
26,49.5849609375
27,50.09765625
28,50.189208984375
29,50.76904296875
30,50.592041015625
31,49.51171875
32,50.01220703125
