batch index,accuracy in batch
2,49.267578125
3,49.835205078125
4,50.347900390625
5,50.06103515625
6,49.86572265625
7,50.396728515625
8,49.96337890625
9,49.688720703125
10,49.481201171875
11,50.262451171875
12,50.048828125
13,49.176025390625
14,50.0732421875
15,50.103759765625
16,49.591064453125
17,49.481201171875
18,50.262451171875
19,50.115966796875
20,49.432373046875
21,50.103759765625
22,50.103759765625
23,49.859619140625
24,50.238037109375
25,50.408935546875
26,50.457763671875
27,50.10986328125
28,49.54833984375
29,50.421142578125
30,50.152587890625
31,50.042724609375
32,49.365234375
