batch index,accuracy in batch
2,50.48828125
3,51.0498046875
4,50.494384765625
5,49.566650390625
6,49.981689453125
7,49.76806640625
8,49.7802734375
9,50.140380859375
10,50.506591796875
11,50.537109375
12,49.945068359375
13,50.3662109375
14,50.128173828125
15,49.725341796875
16,50.628662109375
17,50.042724609375
18,49.6337890625
19,50.079345703125
20,49.755859375
21,49.86572265625
22,49.462890625
23,49.822998046875
24,49.945068359375
25,50.1708984375
26,50.62255859375
27,49.639892578125
28,50.01220703125
29,49.62158203125
30,50.341796875
31,50.47607421875
32,50.030517578125
