batch index,accuracy in batch
2,50.84228515625
3,49.603271484375
4,50.738525390625
5,50.06103515625
6,49.86572265625
7,49.8046875
8,50.6103515625
9,49.21875
10,50.59814453125
11,50.3662109375
12,49.658203125
13,49.560546875
14,50.45166015625
15,50.06103515625
16,50.531005859375
17,49.54833984375
18,49.90234375
19,49.749755859375
20,49.74365234375
21,49.920654296875
22,49.713134765625
23,50.47607421875
24,50.384521484375
25,49.566650390625
26,49.078369140625
27,49.627685546875
28,49.76806640625
29,50.042724609375
30,50.164794921875
31,49.8046875
32,49.54833984375
33,49.652099609375
34,49.822998046875
35,50.128173828125
36,49.835205078125
37,49.96337890625
38,50.018310546875
39,49.359130859375
40,49.35302734375
41,50.09765625
42,49.627685546875
43,50.20751953125
44,50.665283203125
45,49.652099609375
46,50.567626953125
47,50.628662109375
48,50.28076171875
49,50.494384765625
50,49.8046875
51,50.20751953125
52,50.189208984375
53,50.042724609375
54,50.048828125
55,49.896240234375
56,50.18310546875
57,49.7802734375
58,50.640869140625
59,51.025390625
60,49.89013671875
61,50.030517578125
62,50.079345703125
63,50.09765625
64,50.28076171875
65,50.2197265625
66,49.3408203125
67,49.8046875
68,50.4638671875
69,49.273681640625
70,50.390625
71,49.945068359375
72,49.090576171875
73,49.822998046875
74,50.244140625
75,50.164794921875
76,49.676513671875
77,50.738525390625
78,50.4150390625
79,50.1220703125
80,49.89013671875
81,49.2919921875
82,49.6337890625
83,50.15869140625
84,49.59716796875
85,49.346923828125
86,50.372314453125
87,49.371337890625
88,49.871826171875
89,49.86572265625
90,50.146484375
91,50.067138671875
92,50.689697265625
93,49.84130859375
94,50.0732421875
95,49.70703125
96,50.115966796875
97,50.5859375
98,49.920654296875
99,50.13427734375
100,50.23193359375
101,50.054931640625
102,50.59814453125
103,50.396728515625
104,50.79345703125
105,49.896240234375
106,50.6103515625
107,50.286865234375
108,50.323486328125
109,49.1455078125
110,49.951171875
111,49.7802734375
112,50.396728515625
113,49.64599609375
114,50.48828125
115,49.981689453125
116,49.9755859375
117,50.6103515625
118,49.8046875
119,50.13427734375
120,50.2685546875
121,49.86572265625
122,50.0244140625
123,50.244140625
124,49.176025390625
125,49.79248046875
126,50.3662109375
127,50.2197265625
128,50.45166015625
129,50.57373046875
130,50.59814453125
131,50.146484375
132,49.554443359375
133,49.908447265625
134,49.456787109375
135,50.347900390625
136,49.664306640625
137,50.396728515625
138,50.08544921875
139,50.006103515625
140,49.334716796875
141,49.951171875
142,49.57275390625
143,49.920654296875
144,50.08544921875
145,49.957275390625
146,49.51171875
147,50.079345703125
148,50.579833984375
149,49.591064453125
150,49.652099609375
151,50.06103515625
152,50.201416015625
153,49.93896484375
154,50.1953125
155,49.96337890625
156,49.383544921875
157,50.5859375
158,49.81689453125
159,50.006103515625
160,49.951171875
161,49.79248046875
162,50.6103515625
163,50.103759765625
164,50.140380859375
165,50.189208984375
166,49.89013671875
167,49.560546875
168,49.853515625
169,50.54931640625
170,49.79248046875
171,50.439453125
172,49.981689453125
173,49.310302734375
174,49.5849609375
175,50.45166015625
176,50.054931640625
177,50.750732421875
178,49.67041015625
179,49.945068359375
180,49.456787109375
181,50.57373046875
182,49.37744140625
183,49.749755859375
184,50.311279296875
185,50.274658203125
186,49.49951171875
187,50.067138671875
188,49.871826171875
189,49.835205078125
190,50.482177734375
191,50.042724609375
192,50.2685546875
193,50.360107421875
194,49.96337890625
195,49.591064453125
196,49.786376953125
197,50.286865234375
198,49.786376953125
199,50.225830078125
200,50.115966796875
201,49.8291015625
202,49.786376953125
203,49.8779296875
204,49.566650390625
205,50.115966796875
206,50.347900390625
207,50.1708984375
208,50.06103515625
209,50.3662109375
210,50.054931640625
211,50.048828125
212,50.0
213,50.103759765625
214,50.360107421875
215,50.1708984375
216,50.28076171875
217,50.360107421875
218,49.9267578125
219,49.70703125
220,49.810791015625
221,50.0244140625
222,50.091552734375
223,50.494384765625
224,49.67041015625
225,49.67041015625
226,50.006103515625
227,49.98779296875
228,50.0
229,50.0732421875
230,49.98779296875
231,49.54833984375
232,49.658203125
233,49.945068359375
234,50.28076171875
235,49.462890625
236,49.2919921875
237,50.177001953125
238,49.822998046875
239,49.432373046875
240,49.761962890625
241,50.78125
242,49.89013671875
243,50.091552734375
244,49.560546875
245,49.652099609375
246,50.262451171875
247,50.079345703125
248,49.444580078125
249,49.871826171875
250,50.616455078125
251,50.37841796875
252,49.676513671875
253,50.177001953125
254,50.445556640625
255,50.0244140625
256,49.89013671875
257,49.8046875
258,49.84130859375
259,49.8779296875
260,49.84130859375
261,49.664306640625
262,50.3173828125
263,50.76904296875
264,50.616455078125
265,49.774169921875
266,49.462890625
267,50.29296875
268,49.10888671875
269,50.0244140625
270,50.250244140625
271,49.737548828125
272,49.591064453125
273,49.639892578125
274,49.96337890625
275,49.81689453125
276,50.811767578125
277,49.560546875
278,49.67041015625
279,50.469970703125
280,49.25537109375
281,50.238037109375
282,50.06103515625
283,50.238037109375
284,49.688720703125
285,49.200439453125
286,50.128173828125
287,49.371337890625
288,50.250244140625
289,50.286865234375
290,49.652099609375
291,50.225830078125
292,50.079345703125
293,50.189208984375
294,49.932861328125
295,50.732421875
296,50.23193359375
297,50.048828125
298,49.871826171875
299,50.06103515625
300,50.177001953125
301,49.761962890625
302,49.609375
303,51.007080078125
304,49.212646484375
305,49.74365234375
306,49.798583984375
307,49.853515625
308,50.457763671875
309,49.822998046875
310,50.09765625
311,49.981689453125
312,50.201416015625
313,50.323486328125
