batch index,accuracy in batch
2,50.140380859375
3,49.62158203125
4,49.98779296875
5,50.4150390625
6,50.03662109375
7,49.993896484375
8,49.566650390625
9,49.9755859375
10,49.71923828125
11,49.798583984375
12,50.384521484375
13,50.2197265625
14,50.28076171875
15,49.603271484375
16,50.079345703125
17,49.896240234375
18,49.676513671875
19,50.714111328125
20,49.224853515625
21,49.359130859375
22,49.853515625
23,50.244140625
24,49.45068359375
25,50.927734375
26,50.115966796875
27,50.042724609375
28,49.810791015625
29,50.433349609375
30,49.59716796875
31,50.40283203125
32,50.10986328125
