batch index,accuracy in batch
2,50.250244140625
3,50.372314453125
4,50.091552734375
5,50.177001953125
6,50.030517578125
7,50.128173828125
8,49.76806640625
9,50.213623046875
10,50.35400390625
11,50.738525390625
12,49.81689453125
13,50.128173828125
14,49.334716796875
15,49.609375
16,49.89013671875
17,49.13330078125
18,50.69580078125
19,50.2685546875
20,49.700927734375
21,49.81689453125
22,50.030517578125
23,49.896240234375
24,50.72021484375
25,50.469970703125
26,49.69482421875
27,49.603271484375
28,50.250244140625
29,49.847412109375
30,49.6826171875
31,49.798583984375
32,50.0244140625
33,49.664306640625
34,49.9755859375
35,50.23193359375
36,48.968505859375
37,49.6337890625
38,49.91455078125
39,50.286865234375
40,50.28076171875
41,49.8291015625
42,50.115966796875
43,49.468994140625
44,50.01220703125
45,49.69482421875
46,49.59716796875
47,49.957275390625
48,50.1220703125
49,49.8779296875
50,49.86572265625
51,50.457763671875
52,49.981689453125
53,49.774169921875
54,50.128173828125
55,50.128173828125
56,49.853515625
57,49.871826171875
58,49.7802734375
59,49.81689453125
60,50.45166015625
61,49.2919921875
62,50.1708984375
63,49.224853515625
64,49.71923828125
65,50.140380859375
66,49.847412109375
67,50.1953125
68,50.03662109375
69,50.079345703125
70,49.969482421875
71,50.592041015625
72,49.4384765625
73,49.774169921875
74,49.89013671875
75,50.1708984375
76,50.445556640625
77,50.152587890625
78,50.128173828125
79,50.054931640625
80,50.164794921875
81,49.81689453125
82,49.652099609375
83,49.359130859375
84,49.52392578125
85,49.810791015625
86,49.981689453125
87,50.384521484375
88,49.981689453125
89,49.969482421875
90,49.51171875
91,49.237060546875
92,49.560546875
93,50.128173828125
94,49.9267578125
95,50.079345703125
96,49.676513671875
97,50.299072265625
98,50.32958984375
99,50.543212890625
100,50.15869140625
101,49.725341796875
102,49.761962890625
103,50.286865234375
104,49.871826171875
105,50.518798828125
106,50.225830078125
107,49.13330078125
108,50.2685546875
109,49.505615234375
110,50.189208984375
111,49.93896484375
112,49.896240234375
113,50.08544921875
114,48.834228515625
115,49.932861328125
116,50.1220703125
117,49.20654296875
118,50.042724609375
119,49.90234375
120,50.06103515625
121,50.946044921875
122,50.40283203125
123,50.091552734375
124,49.98779296875
125,50.29296875
126,49.81689453125
127,50.06103515625
128,50.48828125
129,49.93896484375
130,50.250244140625
131,49.8046875
132,50.335693359375
133,49.70703125
134,50.274658203125
135,50.408935546875
136,50.115966796875
137,50.10986328125
138,49.871826171875
139,49.35302734375
140,50.15869140625
141,49.658203125
142,49.98779296875
143,50.262451171875
144,50.469970703125
145,49.7802734375
146,49.91455078125
147,50.1953125
148,49.957275390625
149,49.9755859375
150,49.86572265625
151,49.49951171875
152,50.531005859375
153,49.93896484375
154,49.86572265625
155,49.7802734375
156,49.67041015625
157,49.365234375
158,50.054931640625
159,49.468994140625
160,49.30419921875
161,50.830078125
162,50.091552734375
163,50.164794921875
164,50.2685546875
165,50.799560546875
166,50.653076171875
167,49.98779296875
168,50.152587890625
169,49.93896484375
170,49.98779296875
171,49.91455078125
172,49.713134765625
173,49.798583984375
174,50.28076171875
175,49.853515625
176,50.347900390625
177,49.737548828125
178,50.421142578125
179,50.250244140625
180,49.7314453125
181,50.8056640625
182,49.462890625
183,49.981689453125
184,49.7314453125
185,50.0
186,49.8779296875
187,50.81787109375
188,49.993896484375
189,49.47509765625
190,50.115966796875
191,50.3662109375
192,49.981689453125
193,49.993896484375
194,50.164794921875
195,50.20751953125
196,49.981689453125
197,50.0732421875
198,49.9755859375
199,50.189208984375
200,50.37841796875
201,49.6826171875
202,50.616455078125
203,50.18310546875
204,50.390625
205,49.6826171875
206,50.048828125
207,49.91455078125
208,50.250244140625
209,50.494384765625
210,50.244140625
211,49.566650390625
212,50.08544921875
213,50.286865234375
214,49.52392578125
215,49.749755859375
216,50.146484375
217,49.76806640625
218,49.96337890625
219,49.93896484375
220,50.1953125
221,49.688720703125
222,49.57275390625
223,50.128173828125
224,50.01220703125
225,50.079345703125
226,49.859619140625
227,50.335693359375
228,50.0
229,50.225830078125
230,50.323486328125
231,50.079345703125
232,50.439453125
233,49.700927734375
234,50.323486328125
235,50.30517578125
236,49.81689453125
237,49.365234375
238,50.128173828125
239,49.57275390625
240,49.969482421875
241,50.50048828125
242,49.86572265625
243,50.244140625
244,50.09765625
245,49.8779296875
246,50.006103515625
247,49.676513671875
248,49.615478515625
249,50.396728515625
250,50.213623046875
251,50.03662109375
252,48.98681640625
253,50.6591796875
254,49.658203125
255,49.52392578125
256,49.93896484375
257,50.1953125
258,50.421142578125
259,49.224853515625
260,50.03662109375
261,50.048828125
262,50.01220703125
263,49.91455078125
264,50.048828125
265,50.372314453125
266,49.62158203125
267,50.048828125
268,49.713134765625
269,49.8046875
270,50.13427734375
271,49.371337890625
272,49.84130859375
273,50.048828125
274,49.700927734375
275,50.323486328125
276,50.2685546875
277,49.383544921875
278,49.71923828125
279,50.323486328125
280,50.079345703125
281,50.225830078125
282,50.4638671875
283,49.81689453125
284,49.8779296875
285,49.810791015625
286,50.531005859375
287,49.5361328125
288,50.384521484375
289,49.81689453125
290,49.432373046875
291,50.35400390625
292,50.909423828125
293,50.4150390625
294,50.341796875
295,49.810791015625
296,49.47509765625
297,49.407958984375
298,50.01220703125
299,49.86572265625
300,50.042724609375
301,50.299072265625
302,49.81689453125
303,49.853515625
304,49.69482421875
305,49.664306640625
306,50.213623046875
307,49.69482421875
308,49.981689453125
309,50.616455078125
310,49.725341796875
311,50.433349609375
312,49.49951171875
313,49.13330078125
