batch index,accuracy in batch
2,49.76806640625
3,50.0244140625
4,50.1708984375
5,49.957275390625
6,49.713134765625
7,50.0732421875
8,48.724365234375
9,49.81689453125
10,50.13427734375
11,50.84228515625
12,49.03564453125
13,50.54931640625
14,50.579833984375
15,49.81689453125
16,50.62255859375
17,49.90234375
18,50.4638671875
19,49.81689453125
20,50.1220703125
21,49.89013671875
22,49.713134765625
23,49.71923828125
24,49.920654296875
25,49.725341796875
26,50.482177734375
27,49.542236328125
28,49.127197265625
29,49.627685546875
30,49.615478515625
31,49.8779296875
32,49.725341796875
